lat: 42.12345
lon: -71.12345
